3.253021064
-2.750797302
-2.842899477
2.597690872
2.539084844
2.426069421
-2.187504075
2.308191035
2.061638507
1.998170531
1.747614833
1.812956995
-1.484429331
1.376762011
1.389575618
1.427636316
0.772901622
0.923144826
0.731792516
0.405326659
-0.30810485
-0.201129133
0.200631845
-0.02069819
0.207632435
0.048932108
-0.184104969
0.400330859
0.370491324
-0.343168078
-0.604719478
-0.778797685
-0.944184298
-0.97018621
1.13827167
1.637957797
1.564937736
1.476773202
1.42391635
1.852563428
1.835314747
2.236879705
-2.224185735
2.085022879
-2.39549315
-2.327126287
-2.516092067
-2.580629836
-2.952475356
-3.025340526